 ==============================================================================
| Branch flow                                                                 |
 ==============================================================================
|Branch  From   To        From Bus Injection              To Bus Injection    |
|  #     Bus    Bus    P (pu)   Q (pu)  loading        P (pu)   Q (pu) loading|
 -----  -----  -----  -------  -------- -------        ------- ------- -------
   1    1011   1013    -3.256   0.692    66.57%         3.370   0.090   67.41%
   2    1012   1014    -2.002   0.499    41.27%         2.062  -0.133   41.32%
   3    1012   1014    -2.002   0.499    41.27%         2.062  -0.133   41.32%
   4    1013   1014    -0.685   0.103    13.85%         0.688  -0.089   13.88%
   5    1013   1014    -0.685   0.103    13.85%         0.688  -0.089   13.88%
   6    1021   1022     2.000   0.095    40.05%        -1.880   0.677   39.96%
   7    1021   1022     2.000   0.095    40.05%        -1.880   0.677   39.96%
   8    1041   1043    -1.600  -0.326    46.66%         1.629   0.489   48.60%
   9    1041   1043    -1.600  -0.326    46.66%         1.629   0.489   48.60%
  10    1041   1045    -1.400   0.098    56.13%         1.432   0.136   57.54%
  11    1041   1045    -1.400   0.098    56.13%         1.432   0.136   57.54%
  12    1042   1044     0.122   0.005     4.88%        -0.121  -0.059    5.40%
  13    1042   1044     0.122   0.005     4.88%        -0.121  -0.059    5.40%
  14    1042   1045     0.356  -0.013    14.25%        -0.350  -0.008   13.99%
  15    1043   1044    -1.879   0.555    55.98%         1.918  -0.263   55.30%
  16    1043   1044    -1.879   0.555    55.98%         1.918  -0.263   55.30%
  17    2031   2032    -2.659   0.504    36.08%         2.750   0.165   36.73%
  18    2031   2032    -2.659   0.504    36.08%         2.750   0.165   36.73%
  19    4011   4012    -5.005   0.630    53.10%         5.030  -0.625   53.36%
  20    4011   4021     7.995   0.279    84.21%        -7.603   1.839   82.34%
  21    4011   4022     5.615  -0.282    59.18%        -5.489   0.359   57.90%
  22    4011   4071    -0.424  -0.649    10.33%         0.424  -0.743   11.41%
  23    4012   4022     7.548  -0.099    79.46%        -7.320   1.060   77.85%
  24    4012   4071     0.425  -0.788    11.94%        -0.424  -0.703   10.95%
  25    4021   4032     3.774  -0.858    51.61%        -3.717   0.222   49.65%
  26    4021   4042     6.329  -1.319    86.20%        -5.928   0.724   79.63%
  27    4022   4031     7.884  -0.336    87.68%        -7.630   1.685   86.82%
  28    4022   4031     7.884  -0.336    87.68%        -7.630   1.685   86.82%
  29    4031   4032     9.267  -1.313    98.52%        -9.180   1.884   98.64%
  30    4031   4041     6.706  -1.286    75.87%        -6.436   0.685   71.91%
  31    4031   4041     6.706  -1.286    91.04%        -6.436   0.685   86.30%
  32    4032   4042     5.743  -1.582    79.42%        -5.414   0.883   73.14%
  33    4032   4044     7.154  -0.524    95.64%        -6.848   0.671   91.75%
  34    4041   4044     6.025  -0.297    80.43%        -5.916   0.492   79.15%
  35    4041   4061     1.447  -0.391    16.65%        -1.434  -0.788   18.18%
  36    4042   4043     7.432   0.857    83.12%        -7.319  -0.497   81.51%
  37    4042   4044     6.211  -0.224    69.05%        -6.134   0.399   68.29%
  38    4043   4044     1.045  -2.105    26.11%        -1.040   1.866   23.74%
  39    4043   4046     1.143   0.532    25.22%        -1.142  -0.796   27.83%
  40    4043   4047    -3.870  -0.983    79.86%         3.902   0.724   79.38%
  41    4044   4045     4.173  -0.394    83.83%        -4.137   0.156   82.81%
  42    4044   4045     4.173  -0.394    83.83%        -4.137   0.156   82.81%
  43    4045   4051     1.004  -0.891    26.86%        -1.000  -0.253   20.63%
  44    4045   4051     1.004  -0.891    26.86%        -1.000  -0.253   20.63%
  45    4045   4062    -3.248  -0.380    65.41%         3.374  -1.087   70.89%
  46    4046   4047    -5.858  -1.734    81.46%         5.898   1.838   82.36%
  47    4061   4062    -3.566  -0.702    72.69%         3.593   0.381   72.26%
  48    4062   4063    -2.333  -0.133    46.74%         2.350  -0.601   48.51%
  49    4062   4063    -2.333  -0.133    46.74%         2.350  -0.601   48.51%
  50    4071   4072    -0.000  -1.500    30.00%        -0.000  -1.500   30.00%
  51    4071   4072    -0.000  -1.500    30.00%        -0.000  -1.500   30.00%
  52      41   4041    -5.400  -1.283    55.50%         5.400   1.600   56.32%
  53      42   4042    -4.000  -1.257    41.93%         4.000   1.494   42.70%
  54      43   4043    -9.000  -2.388    93.11%         9.000   3.054   95.04%
  55      46   4046    -7.000  -1.937    72.63%         7.000   2.530   74.43%
  56      47   4047    -1.000  -0.452    10.97%         1.000   0.502   11.19%
  57      51   4051    -8.000  -2.532    83.91%         8.000   3.045   85.60%
  58      61   4061    -5.000  -1.123    51.25%         5.000   1.490   52.17%
  59      62   4062    -3.000  -0.800    31.05%         3.000   1.000   31.62%
  60      63   4063    -5.900  -2.562    64.32%         5.900   3.000   66.19%
  61    1011   4011     1.256  -1.492    19.50%        -1.256   1.523   19.74%
  62    1012   4012     7.004   0.196    70.07%        -7.004   0.196   70.07%
  63    1022   4022     2.959   0.860    30.82%        -2.959  -0.746   30.52%
  64    1044   4044    -5.796  -0.581    58.25%         5.796   0.930   58.70%
  65    1044   4044    -5.796  -0.581    58.25%         5.796   0.930   58.70%
  66    1045   4045    -4.757  -0.686    48.06%         4.757   0.925   48.46%
  67    1045   4045    -4.757  -0.686    48.06%         4.757   0.925   48.46%
  68    2031   4031     4.318  -1.308    45.11%        -4.318   1.561   45.91%
  69     141   1041    -6.000  -2.000    84.33%         6.000   2.458   86.45%
  70     142   1042    -3.000  -0.800    41.40%         3.000   0.898   41.75%
  71     143   1043    -2.300  -0.750    32.26%         2.300   0.809   32.51%
  72     144   1044    -8.000  -3.000    85.44%         8.000   3.807   88.60%
  73     145   1045    -7.000  -2.500    74.33%         7.000   3.107   76.59%