Contingency       from         to        PIflow        PIV      PI_norm
------------    --------    --------    --------    --------    --------
	47			4046		4047		30.07		15.23		3.46
	21			4011		4021		27.75		13.60		3.16
	46			4045		4062		20.60		13.75		2.62
	30			4031		4032		20.22		13.48		2.57
	31			4031		4041		19.75		13.47		2.53
	35			4041		4044		18.77		13.72		2.47
	27			4021		4042		18.59		13.54		2.44
	28			4022		4031		18.26		13.45		2.41
	29			4022		4031		18.26		13.45		2.41
	34			4032		4044		17.91		13.59		2.40